37.117240905762 -17.969232559204 0.000000000000 val 0.000000000000
38.901198509955 -12.364776515621 0.000000000000 val 0.000000000000
42.667274336119 -7.706786143511 0.000000000000 val 0.000000000000
47.064253449019 -3.626903220890 0.000000000000 val 0.000000000000
51.405358648589 0.508640096183 0.000000000000 val 0.000000000000
54.265448217506 5.710891973473 0.000000000000 val 0.000000000000
54.201026901411 11.666431471639 0.000000000000 val 0.000000000000
52.249435716157 17.323097697322 0.000000000000 val 0.000000000000
49.006994500511 22.354301332699 0.000000000000 val 0.000000000000
44.492393706900 26.258984895407 0.000000000000 val 0.000000000000
38.741255172431 27.651773820737 0.000000000000 val 0.000000000000
32.981214559111 26.114084504615 0.000000000000 val 0.000000000000
27.884999659997 22.968542557382 0.000000000000 val 0.000000000000
23.374836794212 19.017943995641 0.000000000000 val 0.000000000000
19.328554059885 14.590725064946 0.000000000000 val 0.000000000000
15.692058736064 9.820704027492 0.000000000000 val 0.000000000000
12.532109782140 4.723560310826 0.000000000000 val 0.000000000000
9.973581408282 -0.699565421118 0.000000000000 val 0.000000000000
7.924341325304 -6.335720008721 0.000000000000 val 0.000000000000
4.800348814761 -11.447499110513 0.000000000000 val 0.000000000000
1.480888754956 -16.440982510342 0.000000000000 val 0.000000000000
-0.318199763765 -22.082294108647 0.000000000000 val 0.000000000000
4.545188015923 -24.432146935987 0.000000000000 val 0.000000000000
10.515436548032 -23.857808424527 0.000000000000 val 0.000000000000
16.490199582887 -23.332134197499 0.000000000000 val 0.000000000000
22.413975270917 -24.037145964949 0.000000000000 val 0.000000000000
28.093944327929 -25.717838509989 0.000000000000 val 0.000000000000
34.086722892282 -25.875272521315 0.000000000000 val 0.000000000000
37.970569783856 -22.288655267811 0.000000000000 val 0.000000000000
40.861999090615 -10.098653958994 0.000000000000 val 0.100000000000
40.706473755459 -9.972908700139 0.000000000000 val -0.100000000000
49.303781688016 -1.631535714135 0.000000000000 val 0.100000000000
49.165830409591 -1.486727410572 0.000000000000 val -0.100000000000
54.333231709553 8.689743363397 0.000000000000 val 0.100000000000
54.133243409365 8.687580081715 0.000000000000 val -0.100000000000
50.712271375148 19.892870946681 0.000000000000 val 0.100000000000
50.544158841519 19.784528083341 0.000000000000 val -0.100000000000
41.640361673132 27.052569885597 0.000000000000 val 0.100000000000
41.593287206199 26.858188830546 0.000000000000 val -0.100000000000
30.380583450318 24.626409154978 0.000000000000 val 0.100000000000
30.485630768790 24.456217907019 0.000000000000 val -0.100000000000
21.277880422068 16.871798187471 0.000000000000 val 0.100000000000
21.425510432029 16.736870873117 0.000000000000 val -0.100000000000
14.027091897936 7.324822761711 0.000000000000 val 0.100000000000
14.197076620267 7.219441576606 0.000000000000 val -0.100000000000
8.854980574962 -3.483472394951 0.000000000000 val 0.100000000000
9.042942158625 -3.551813034888 0.000000000000 val -0.100000000000
3.057340481946 -13.888880858620 0.000000000000 val 0.100000000000
3.223897087770 -13.999600762235 0.000000000000 val -0.100000000000
2.069989035621 -23.347261108190 0.000000000000 val 0.100000000000
2.156999216537 -23.167179936445 0.000000000000 val -0.100000000000
13.511582452636 -23.694586498195 0.000000000000 val 0.100000000000
13.494053678284 -23.495356123830 0.000000000000 val -0.100000000000
25.225586062215 -24.973382440498 0.000000000000 val 0.100000000000
25.282333536631 -24.781602034441 0.000000000000 val -0.100000000000
36.096489950855 -24.155429833638 0.000000000000 val 0.100000000000
35.960802725283 -24.008497955488 0.000000000000 val -0.100000000000
