14.504193305969 15.120705604553 0.000000000000 val 0.000000000000
17.763275055380 10.091387467484 0.000000000000 val 0.000000000000
20.200986308441 4.614722143907 0.000000000000 val 0.000000000000
21.291321059447 -1.226402488947 0.000000000000 val 0.000000000000
18.354180002399 -6.370397237170 0.000000000000 val 0.000000000000
14.542300690694 -11.003810633015 0.000000000000 val 0.000000000000
10.925970961607 -15.788314063478 0.000000000000 val 0.000000000000
8.026163632117 -21.036816221474 0.000000000000 val 0.000000000000
4.937683967554 -26.174248610169 0.000000000000 val 0.000000000000
0.960144072140 -30.649048618767 0.000000000000 val 0.000000000000
-4.132690577165 -33.753700939650 0.000000000000 val 0.000000000000
-10.042503464674 -34.345571979374 0.000000000000 val 0.000000000000
-15.368351802810 -31.850626529343 0.000000000000 val 0.000000000000
-16.620951324848 -26.136936849178 0.000000000000 val 0.000000000000
-16.525089254951 -20.147718856011 0.000000000000 val 0.000000000000
-19.484234316436 -15.117036914534 0.000000000000 val 0.000000000000
-24.999354324872 -12.975589062510 0.000000000000 val 0.000000000000
-30.909902148070 -13.746574636726 0.000000000000 val 0.000000000000
-36.343684922595 -16.260234515443 0.000000000000 val 0.000000000000
-41.539081249427 -19.230054137365 0.000000000000 val 0.000000000000
-46.695628195067 -17.102310692791 0.000000000000 val 0.000000000000
-47.949362876035 -11.407157940661 0.000000000000 val 0.000000000000
-48.874124346590 -5.600079578017 0.000000000000 val 0.000000000000
-51.070266455798 -0.022174878729 0.000000000000 val 0.000000000000
-52.336535846433 5.833985084785 0.000000000000 val 0.000000000000
-52.245211456311 11.813305663241 0.000000000000 val 0.000000000000
-50.085535725056 17.364505326484 0.000000000000 val 0.000000000000
-46.099294363716 21.825150731424 0.000000000000 val 0.000000000000
-41.022208416649 24.949559166883 0.000000000000 val 0.000000000000
-35.177677349905 26.291596897359 0.000000000000 val 0.000000000000
-29.224250605916 26.993886406377 0.000000000000 val 0.000000000000
-23.259223928835 26.515359680084 0.000000000000 val 0.000000000000
-17.601083837040 24.550138370021 0.000000000000 val 0.000000000000
-12.133668195508 22.079410651851 0.000000000000 val 0.000000000000
-6.406685770825 20.347860331647 0.000000000000 val 0.000000000000
-0.483741521535 20.887622121715 0.000000000000 val 0.000000000000
5.130066038610 22.903509884764 0.000000000000 val 0.000000000000
10.310735237010 20.212186756775 0.000000000000 val 0.000000000000
14.135266934395 15.591183936296 0.000000000000 val 0.000000000000
37.117240905762 -17.969232559204 0.000000000000 val 0.000000000000
38.901198509955 -12.364776515621 0.000000000000 val 0.000000000000
42.667274336119 -7.706786143511 0.000000000000 val 0.000000000000
47.064253449019 -3.626903220890 0.000000000000 val 0.000000000000
51.405358648589 0.508640096183 0.000000000000 val 0.000000000000
54.265448217506 5.710891973473 0.000000000000 val 0.000000000000
54.201026901411 11.666431471639 0.000000000000 val 0.000000000000
52.249435716157 17.323097697322 0.000000000000 val 0.000000000000
49.006994500511 22.354301332699 0.000000000000 val 0.000000000000
44.492393706900 26.258984895407 0.000000000000 val 0.000000000000
38.741255172431 27.651773820737 0.000000000000 val 0.000000000000
32.981214559111 26.114084504615 0.000000000000 val 0.000000000000
27.884999659997 22.968542557382 0.000000000000 val 0.000000000000
23.374836794212 19.017943995641 0.000000000000 val 0.000000000000
19.328554059885 14.590725064946 0.000000000000 val 0.000000000000
15.692058736064 9.820704027492 0.000000000000 val 0.000000000000
12.532109782140 4.723560310826 0.000000000000 val 0.000000000000
9.973581408282 -0.699565421118 0.000000000000 val 0.000000000000
7.924341325304 -6.335720008721 0.000000000000 val 0.000000000000
4.800348814761 -11.447499110513 0.000000000000 val 0.000000000000
1.480888754956 -16.440982510342 0.000000000000 val 0.000000000000
-0.318199763765 -22.082294108647 0.000000000000 val 0.000000000000
4.545188015923 -24.432146935987 0.000000000000 val 0.000000000000
10.515436548032 -23.857808424527 0.000000000000 val 0.000000000000
16.490199582887 -23.332134197499 0.000000000000 val 0.000000000000
22.413975270917 -24.037145964949 0.000000000000 val 0.000000000000
28.093944327929 -25.717838509989 0.000000000000 val 0.000000000000
34.086722892282 -25.875272521315 0.000000000000 val 0.000000000000
37.970569783856 -22.288655267811 0.000000000000 val 0.000000000000
19.073489301081 7.393719319749 0.000000000000 val 0.100000000000
18.890772062740 7.312390291642 0.000000000000 val -0.100000000000
19.909591453812 -3.847984680410 0.000000000000 val 0.100000000000
19.735909608034 -3.748815045707 0.000000000000 val -0.100000000000
12.813911557451 -13.456360214672 0.000000000000 val 0.100000000000
12.654360094850 -13.335764481821 0.000000000000 val -0.100000000000
6.567628752284 -23.657055819492 0.000000000000 val 0.100000000000
6.396218847386 -23.554009012152 0.000000000000 val -0.100000000000
-1.534221489158 -32.286759871184 0.000000000000 val 0.100000000000
-1.638325015868 -32.115989687233 0.000000000000 val -0.100000000000
-12.747849469346 -33.188655247336 0.000000000000 val 0.100000000000
-12.663005798138 -33.007543261382 0.000000000000 val -0.100000000000
-16.673007483120 -23.140727480173 0.000000000000 val 0.100000000000
-16.473033096679 -23.143928225017 0.000000000000 val -0.100000000000
-22.277990182031 -14.139532405057 0.000000000000 val 0.100000000000
-22.205598459276 -13.953093571987 0.000000000000 val -0.100000000000
-33.584808418731 -15.094163873040 0.000000000000 val 0.100000000000
-33.668778651935 -14.912645279129 0.000000000000 val -0.100000000000
-44.155498045377 -18.258622054306 0.000000000000 val 0.100000000000
-44.079211399116 -18.073742775850 0.000000000000 val -0.100000000000
-48.510499244584 -8.519345325944 0.000000000000 val 0.100000000000
-48.312987978041 -8.487892192734 0.000000000000 val -0.100000000000
-51.801142317217 2.884770665511 0.000000000000 val 0.100000000000
-51.605659985014 2.927039540545 0.000000000000 val -0.100000000000
-51.258569089831 14.625162893260 0.000000000000 val 0.100000000000
-51.072178091535 14.552648096466 0.000000000000 val -0.100000000000
-43.613161714966 23.472520422534 0.000000000000 val 0.100000000000
-43.508341065399 23.302189475773 0.000000000000 val -0.100000000000
-32.212679139653 26.742053055973 0.000000000000 val 0.100000000000
-32.189248816168 26.543430247763 0.000000000000 val -0.100000000000
-20.397343933687 25.627213342285 0.000000000000 val 0.100000000000
-20.462963832188 25.438284707820 0.000000000000 val -0.100000000000
-9.241235934553 21.309356000028 0.000000000000 val 0.100000000000
-9.299118031780 21.117914983470 0.000000000000 val -0.100000000000
2.289365761824 21.989681872305 0.000000000000 val 0.100000000000
2.356958755251 21.801450134174 0.000000000000 val -0.100000000000
12.300038441979 17.965444626157 0.000000000000 val 0.100000000000
12.145963729426 17.837926066914 0.000000000000 val -0.100000000000
40.861999090615 -10.098653958994 0.000000000000 val 0.100000000000
40.706473755459 -9.972908700139 0.000000000000 val -0.100000000000
49.303781688016 -1.631535714135 0.000000000000 val 0.100000000000
49.165830409591 -1.486727410572 0.000000000000 val -0.100000000000
54.333231709553 8.689743363397 0.000000000000 val 0.100000000000
54.133243409365 8.687580081715 0.000000000000 val -0.100000000000
50.712271375148 19.892870946681 0.000000000000 val 0.100000000000
50.544158841519 19.784528083341 0.000000000000 val -0.100000000000
41.640361673132 27.052569885597 0.000000000000 val 0.100000000000
41.593287206199 26.858188830546 0.000000000000 val -0.100000000000
30.380583450318 24.626409154978 0.000000000000 val 0.100000000000
30.485630768790 24.456217907019 0.000000000000 val -0.100000000000
21.277880422068 16.871798187471 0.000000000000 val 0.100000000000
21.425510432029 16.736870873117 0.000000000000 val -0.100000000000
14.027091897936 7.324822761711 0.000000000000 val 0.100000000000
14.197076620267 7.219441576606 0.000000000000 val -0.100000000000
8.854980574962 -3.483472394951 0.000000000000 val 0.100000000000
9.042942158625 -3.551813034888 0.000000000000 val -0.100000000000
3.057340481946 -13.888880858620 0.000000000000 val 0.100000000000
3.223897087770 -13.999600762235 0.000000000000 val -0.100000000000
2.069989035621 -23.347261108190 0.000000000000 val 0.100000000000
2.156999216537 -23.167179936445 0.000000000000 val -0.100000000000
13.511582452636 -23.694586498195 0.000000000000 val 0.100000000000
13.494053678284 -23.495356123830 0.000000000000 val -0.100000000000
25.225586062215 -24.973382440498 0.000000000000 val 0.100000000000
25.282333536631 -24.781602034441 0.000000000000 val -0.100000000000
36.096489950855 -24.155429833638 0.000000000000 val 0.100000000000
35.960802725283 -24.008497955488 0.000000000000 val -0.100000000000
